x y
4.8553690910339355 53.6641731262207
4.900296688079834 53.666282653808594
4.945229530334473 53.668373107910156
4.990167140960693 53.670448303222656
5.035109519958496 53.67250061035156
5.080056667327881 53.674537658691406
5.125008583068848 53.676551818847656
5.1699652671813965 53.678550720214844
5.214926719665527 53.6805305480957
5.259892463684082 53.6824951171875
5.304863452911377 53.6844367980957
5.3498382568359375 53.686363220214844
5.39481782913208 53.68826675415039
5.4398016929626465 53.690155029296875
5.484790325164795 53.69202423095703
5.529783248901367 53.693878173828125
5.574779987335205 53.695709228515625
5.619781494140625 53.6975212097168
5.664787292480469 53.699317932128906
5.709796905517578 53.70109558105469
5.754810810089111 53.70285415649414
5.799829006195068 53.704593658447266
5.844851016998291 53.70631408691406
5.8898773193359375 53.70801544189453
5.93490743637085 53.70970153808594
5.979941368103027 53.711368560791016
6.024979591369629 53.7130126953125
6.070021152496338 53.71464157104492
6.115067005157471 53.716251373291016
6.160116195678711 53.71784591674805
6.205169200897217 53.719417572021484
6.250226020812988 53.72097396850586
6.295286655426025 53.72250747680664
6.34035062789917 53.72402572631836
6.385417938232422 53.72552490234375
6.4304890632629395 53.72700500488281
6.4755635261535645 53.72846603393555
6.520641326904297 53.72990798950195
6.565722942352295 53.7313346862793
6.610807418823242 53.73274230957031
6.655895233154297 53.734127044677734
6.700986385345459 53.735496520996094
6.7460808753967285 53.736846923828125
6.791178226470947 53.73817825317383
6.836278915405273 53.73949432373047
6.881382465362549 53.740787506103516
6.926489353179932 53.7420654296875
6.971599102020264 53.74332046508789
7.016711711883545 53.74456024169922
7.061827182769775 53.74578094482422
7.106945514678955 53.74698257446289
7.152066707611084 53.748165130615234
7.197190761566162 53.74932861328125
7.2423176765441895 53.7504768371582
7.287446975708008 53.75160217285156
7.332579135894775 53.75271224975586
7.377713680267334 53.75380325317383
7.422850608825684 53.75487518310547
7.467990398406982 53.75592803955078
7.513132572174072 53.756961822509766
7.558277130126953 53.75797653198242
7.603424072265625 53.758975982666016
7.648573398590088 53.759952545166016
7.693724632263184 53.76091384887695
7.73887825012207 53.76185607910156
7.784034252166748 53.762779235839844
7.829192638397217 53.7636833190918
7.874352931976318 53.76456832885742
7.919515132904053 53.76543426513672
7.96467924118042 53.76628494262695
8.009845733642578 53.767112731933594
8.055013656616211 53.76792526245117
8.100184440612793 53.76871871948242
8.145356178283691 53.769493103027344
8.190529823303223 53.77024841308594
8.235705375671387 53.7709846496582
8.280882835388184 53.77170181274414
8.326061248779297 53.772403717041016
8.37124252319336 53.7730827331543
8.416424751281738 53.773746490478516
8.461607933044434 53.77438735961914
8.506793022155762 53.7750129699707
8.551980018615723 53.77561950683594
8.59716796875 53.776206970214844
8.642356872558594 53.77677536010742
8.68754768371582 53.77732849121094
8.73274040222168 53.77785873413086
8.777933120727539 53.77837371826172
8.823127746582031 53.778865814208984
8.86832332611084 53.77934265136719
8.913519859313965 53.77980041503906
8.958717346191406 53.78023910522461
9.00391674041748 53.78065872192383
9.049116134643555 53.78105926513672
9.094316482543945 53.78144454956055
9.139518737792969 53.78180694580078
9.184720993041992 53.78215408325195
9.229924201965332 53.78247833251953
9.275128364562988 53.78278732299805
9.320332527160645 53.783077239990234
9.365537643432617 53.783348083496094
9.410743713378906 53.783599853515625
9.455949783325195 53.783836364746094
9.5011568069458 53.78404998779297
9.546364784240723 53.784244537353516
9.591572761535645 53.784423828125
9.636780738830566 53.784584045410156
9.681989669799805 53.784725189208984
9.727198600769043 53.784847259521484
9.772408485412598 53.784950256347656
9.817617416381836 53.7850341796875
9.86282730102539 53.785099029541016
9.908037185668945 53.7851448059082
9.9532470703125 53.78517532348633
9.998456954956055 53.78518295288086
10.04366683959961 53.78517532348633
10.088876724243164 53.78514862060547
10.134086608886719 53.78510284423828
10.179296493530273 53.785037994384766
10.224505424499512 53.78495407104492
10.269715309143066 53.784854888916016
10.314924240112305 53.784732818603516
10.360132217407227 53.78459167480469
10.405341148376465 53.7844352722168
10.450549125671387 53.78425979614258
10.495756149291992 53.78406524658203
10.540963172912598 53.783851623535156
10.586170196533203 53.78361892700195
10.631376266479492 53.78336715698242
10.676581382751465 53.78309631347656
10.721786499023438 53.78281021118164
10.766989707946777 53.782501220703125
10.812192916870117 53.78217697143555
10.857396125793457 53.78183364868164
10.902597427368164 53.78146743774414
10.947797775268555 53.78108596801758
10.992998123168945 53.78068542480469
11.038196563720703 53.780269622802734
11.083394050598145 53.77983093261719
11.128591537475586 53.77937316894531
11.173787117004395 53.778900146484375
11.218981742858887 53.77840805053711
11.264174461364746 53.777896881103516
11.309367179870605 53.77736282348633
11.354557991027832 53.77681350708008
11.399746894836426 53.776248931884766
11.44493579864502 53.77566146850586
11.490121841430664 53.775054931640625
11.535306930541992 53.77443313598633
11.580491065979004 53.77378845214844
11.625673294067383 53.773128509521484
11.670853614807129 53.7724494934082
11.716032981872559 53.771751403808594
11.761210441589355 53.771034240722656
11.80638599395752 53.77029800415039
11.85155963897705 53.7695426940918
11.896732330322266 53.76877212524414
11.941902160644531 53.76797866821289
11.98707103729248 53.76716995239258
12.03223705291748 53.76634216308594
12.077402114868164 53.76549530029297
12.122564315795898 53.76462936401367
12.167724609375 53.76374435424805
12.212882995605469 53.762840270996094
12.258038520812988 53.76192092895508
12.303193092346191 53.76097869873047
12.348344802856445 53.7600212097168
12.39349365234375 53.7590446472168
12.438640594482422 53.7580451965332
12.483785629272461 53.75703048706055
12.52892780303955 53.75600051879883
12.574068069458008 53.754947662353516
12.619205474853516 53.753875732421875
12.664340019226074 53.75278854370117
12.709471702575684 53.751678466796875
12.75460147857666 53.750553131103516
12.799728393554688 53.74940872192383
12.844852447509766 53.74824523925781
12.889973640441895 53.74706268310547
12.93509292602539 53.74586486816406
12.980208396911621 53.74464416503906
13.025321006774902 53.743408203125
13.070430755615234 53.742149353027344
13.115537643432617 53.740875244140625
13.16064167022705 53.73958206176758
13.205742835998535 53.7382698059082
13.250840187072754 53.7369384765625
13.295934677124023 53.73558807373047
13.341026306152344 53.734222412109375
13.386115074157715 53.73283767700195
13.431199073791504 53.73143005371094
13.47628116607666 53.73000717163086
13.52135944366455 53.72856521606445
13.566433906555176 53.72710418701172
13.611505508422852 53.72562789916992
13.656573295593262 53.72412872314453
13.701637268066406 53.72261047363281
13.746697425842285 53.72107696533203
13.791754722595215 53.71952438354492
13.836808204650879 53.717952728271484
13.881857872009277 53.71636199951172
13.92690372467041 53.714752197265625
13.971945762634277 53.71312713623047
14.016983985900879 53.71147918701172
14.062018394470215 53.709815979003906
14.107048988342285 53.708133697509766
14.152074813842773 53.7064323425293
14.197097778320312 53.7047119140625
14.24211597442627 53.702972412109375
14.287130355834961 53.70121383666992
14.33213996887207 53.699440002441406
14.377145767211914 53.69764709472656
14.422147750854492 53.69583511352539
14.467144966125488 53.69400405883789
14.512138366699219 53.69215393066406
14.557126998901367 53.690284729003906
14.602110862731934 53.68839645385742
14.647090911865234 53.686492919921875
14.692066192626953 53.6845703125
14.737037658691406 53.6826286315918
14.782003402709961 53.680667877197266
14.82696533203125 53.678688049316406
14.871922492980957 53.67668914794922
14.916874885559082 53.67467498779297
14.961822509765625 53.67264175415039
15.006765365600586 53.67058563232422
15.051702499389648 53.668514251708984
15.096635818481445 53.66642761230469
15.14156436920166 53.6643180847168
15.186487197875977 53.66218948364258
15.231405258178711 53.6600456237793
15.276318550109863 53.65788269042969
15.321227073669434 53.65570068359375
15.366129875183105 53.653499603271484
15.411026954650879 53.65127944946289
15.455920219421387 53.649044036865234
15.50080680847168 53.64678955078125
15.545689582824707 53.64451217651367
15.59056568145752 53.64221954345703
15.63543701171875 53.63991165161133
15.680302619934082 53.63758087158203
15.725163459777832 53.635231018066406
15.770018577575684 53.63286590576172
15.814867973327637 53.6304817199707
15.859711647033691 53.62807846069336
15.904549598693848 53.62565612792969
15.949381828308105 53.62321853637695
15.994208335876465 53.620758056640625
16.039030075073242 53.618282318115234
16.083845138549805 53.615787506103516
16.12865447998047 53.61327362060547
16.173458099365234 53.610740661621094
16.21825408935547 53.608192443847656
16.263046264648438 53.60562515258789
16.307832717895508 53.6030387878418
16.352611541748047 53.600433349609375
16.397384643554688 53.597808837890625
16.44215202331543 53.59516525268555
16.486913681030273 53.592506408691406
16.531667709350586 53.58982849121094
16.576416015625 53.58713150024414
16.621158599853516 53.584415435791016
16.665895462036133 53.58168029785156
16.71062469482422 53.57892990112305
16.755348205566406 53.5761604309082
16.800064086914062 53.57337188720703
16.84477424621582 53.57056427001953
16.88947868347168 53.5677375793457
16.934175491333008 53.56489562988281
16.978866577148438 53.562034606933594
17.023550033569336 53.55915451049805
17.068227767944336 53.55625534057617
17.112897872924805 53.55333709716797
17.157560348510742 53.5504035949707
17.20221710205078 53.54745101928711
17.246868133544922 53.54447937011719
17.2915096282959 53.54148864746094
17.336145401000977 53.538482666015625
17.380775451660156 53.53545379638672
17.425397872924805 53.53240966796875
17.470012664794922 53.52934646606445
17.514619827270508 53.526268005371094
17.559219360351562 53.52316665649414
17.60381317138672 53.520050048828125
17.648399353027344 53.51691436767578
17.692977905273438 53.51375961303711
17.737550735473633 53.510589599609375
17.782114028930664 53.50739669799805
17.826671600341797 53.504188537597656
17.871219635009766 53.5009651184082
17.915761947631836 53.497718811035156
17.960296630859375 53.49445343017578
18.004823684692383 53.491172790527344
18.04934310913086 53.48787307739258
18.093852996826172 53.48455810546875
18.138357162475586 53.48122024536133
18.18285369873047 53.477867126464844
18.22734260559082 53.47449493408203
18.271821975708008 53.47110366821289
18.316295623779297 53.46769714355469
18.360759735107422 53.46426773071289
18.405216217041016 53.46082305908203
18.449665069580078 53.45736312866211
18.49410629272461 53.453880310058594
18.53853988647461 53.450382232666016
18.582963943481445 53.44686508178711
18.62738037109375 53.443328857421875
18.671789169311523 53.43977737426758
18.716190338134766 53.43620300292969
18.760581970214844 53.432613372802734
18.80496597290039 53.42900466918945
18.849340438842773 53.42538070678711
18.893709182739258 53.42173767089844
18.938066482543945 53.41807556152344
18.982418060302734 53.41439437866211
19.026758193969727 53.41069793701172
19.07109260559082 53.406978607177734
19.11541748046875 53.40324401855469
19.159732818603516 53.39949417114258
19.20404052734375 53.395721435546875
19.24833869934082 53.39193344116211
19.29262924194336 53.38813018798828
19.336910247802734 53.38430404663086
19.381183624267578 53.380462646484375
19.425447463989258 53.37660217285156
19.469701766967773 53.37272262573242
19.513948440551758 53.36882781982422
19.558185577392578 53.36491012573242
19.602413177490234 53.36098098754883
19.64663314819336 53.35702896118164
19.690841674804688 53.35306167602539
19.735042572021484 53.34907531738281
19.77923583984375 53.345069885253906
19.82341766357422 53.34104919433594
19.867591857910156 53.337005615234375
19.911754608154297 53.332950592041016
19.955909729003906 53.32887268066406
20.00005531311035 53.32477951049805
20.044191360473633 53.3206672668457
20.08831787109375 53.31653594970703
20.132436752319336 53.3123893737793
20.176544189453125 53.308223724365234
20.22064208984375 53.304039001464844
20.26473045349121 53.29983901977539
20.308809280395508 53.29561996459961
20.352880477905273 53.2913818359375
20.396940231323242 53.28712463378906
20.440990447998047 53.28285217285156
20.485031127929688 53.278560638427734
20.52906036376953 53.274253845214844
20.573081970214844 53.269927978515625
20.61709213256836 53.26558303833008
20.661094665527344 53.2612190246582
20.70508575439453 53.256839752197266
20.749065399169922 53.25244140625
20.79303741455078 53.24802780151367
20.836997985839844 53.24359130859375
20.880949020385742 53.239139556884766
20.924890518188477 53.23467254638672
20.968822479248047 53.230186462402344
21.01274299621582 53.22568130493164
21.056652069091797 53.22115707397461
21.100553512573242 53.216617584228516
21.14444351196289 53.212059020996094
21.188322067260742 53.20748519897461
21.23219108581543 53.20288848876953
21.276050567626953 53.198280334472656
21.31989860534668 53.19364929199219
21.363737106323242 53.189002990722656
21.407564163208008 53.1843376159668
21.451379776000977 53.179656982421875
21.49518585205078 53.174957275390625
21.538982391357422 53.17023849487305
21.582767486572266 53.165504455566406
21.626541137695312 53.16075134277344
21.670305252075195 53.15597915649414
21.71405792236328 53.15119171142578
21.75779914855957 53.146385192871094
21.801530838012695 53.141563415527344
21.845251083374023 53.136722564697266
21.888959884643555 53.13186264038086
21.932659149169922 53.12698745727539
21.97634506225586 53.122093200683594
22.020021438598633 53.11717987060547
22.06368637084961 53.11225128173828
22.107341766357422 53.107303619384766
22.150983810424805 53.10233688354492
22.194616317749023 53.097354888916016
22.238237380981445 53.09235763549805
22.28184700012207 53.087337493896484
22.3254451751709 53.082305908203125
22.36903190612793 53.07725143432617
22.412607192993164 53.072181701660156
22.4561710357666 53.06709289550781
22.499723434448242 53.061988830566406
22.543264389038086 53.05686569213867
22.586795806884766 53.051727294921875
22.630313873291016 53.04656982421875
22.67382049560547 53.0413932800293
22.717315673828125 53.03620147705078
22.760799407958984 53.03099060058594
22.804271697998047 53.02576446533203
22.84773063659668 53.0205192565918
22.89118003845215 53.015254974365234
22.934616088867188 53.00997543334961
22.97804069519043 53.004676818847656
23.021453857421875 52.99936294555664
23.064855575561523 52.9940299987793
23.108245849609375 52.98868179321289
23.151622772216797 52.983314514160156
23.194988250732422 52.977928161621094
23.23834228515625 52.97252655029297
23.28168296813965 52.967105865478516
23.32501220703125 52.961669921875
23.368330001831055 52.956214904785156
23.411636352539062 52.95074462890625
23.45492935180664 52.945255279541016
23.49820899963379 52.93974685668945
23.54147720336914 52.93422317504883
23.584733963012695 52.92868423461914
23.627979278564453 52.923126220703125
23.67120933532715 52.91754913330078
23.71442985534668 52.911956787109375
23.75763702392578 52.90634536743164
23.800830841064453 52.900718688964844
23.844013214111328 52.89507293701172
23.887182235717773 52.88941192626953
23.930339813232422 52.883731842041016
23.97348403930664 52.87803649902344
24.016616821289062 52.87232208251953
24.059736251831055 52.86659240722656
24.102842330932617 52.860843658447266
24.145936965942383 52.85507583618164
24.18901824951172 52.84929275512695
24.232086181640625 52.8434944152832
24.275142669677734 52.837677001953125
24.318185806274414 52.83184051513672
24.361215591430664 52.82598876953125
24.404232025146484 52.82012176513672
24.447237014770508 52.81423568725586
24.49022674560547 52.80833053588867
24.533206939697266 52.80241012573242
24.576171875 52.79647445678711
24.619123458862305 52.79051971435547
24.662063598632812 52.7845458984375
24.704988479614258 52.77855682373047
24.747901916503906 52.772552490234375
24.790802001953125 52.76652908325195
24.833688735961914 52.76049041748047
24.876562118530273 52.754432678222656
24.919422149658203 52.748355865478516
24.962268829345703 52.74226760864258
25.005102157592773 52.73615646362305
25.047922134399414 52.73003005981445
25.090728759765625 52.7238883972168
25.133522033691406 52.71773147583008
25.176301956176758 52.711551666259766
25.21906852722168 52.705360412597656
25.26181983947754 52.69915008544922
25.3045597076416 52.69292068481445
25.347286224365234 52.686676025390625
25.389997482299805 52.680416107177734
25.432695388793945 52.674137115478516
25.475379943847656 52.66783905029297
25.518051147460938 52.661529541015625
25.56070899963379 52.65519714355469
25.60335350036621 52.64885330200195
25.64598274230957 52.64249038696289
25.6885986328125 52.6361083984375
25.731201171875 52.62971115112305
25.773788452148438 52.62329864501953
25.78437614440918 52.649147033691406
25.79497718811035 52.67499542236328
25.805591583251953 52.70084762573242
25.816219329833984 52.72669982910156
25.826862335205078 52.7525520324707
25.8375186920166 52.778404235839844
25.848190307617188 52.804256439208984
25.858875274658203 52.83011245727539
25.86957359313965 52.85596466064453
25.880287170410156 52.88182067871094
25.891014099121094 52.907676696777344
25.901756286621094 52.93353271484375
25.912511825561523 52.959388732910156
25.923280715942383 52.98524856567383
25.934064865112305 53.0111083984375
25.94486427307129 53.036964416503906
25.955677032470703 53.06282424926758
25.96650505065918 53.08868408203125
25.977346420288086 53.11454391479492
25.988203048706055 53.14040756225586
25.999073028564453 53.16626739501953
26.009958267211914 53.19213104248047
26.020858764648438 53.217994689941406
26.03177261352539 53.24385452270508
26.042701721191406 53.26972198486328
26.05364418029785 53.29558563232422
26.06460189819336 53.321449279785156
26.07557487487793 53.347312927246094
26.086563110351562 53.3731803894043
26.097564697265625 53.3990478515625
26.10858154296875 53.4249153137207
26.119613647460938 53.450782775878906
26.130659103393555 53.47665023803711
26.141721725463867 53.50251770019531
26.15279769897461 53.528385162353516
26.163888931274414 53.554256439208984
26.17499351501465 53.58012390136719
26.186115264892578 53.605995178222656
26.197250366210938 53.631866455078125
26.208402633666992 53.65773391723633
26.219568252563477 53.6836051940918
26.230749130249023 53.70948028564453
26.241945266723633 53.7353515625
26.253156661987305 53.76122283935547
26.26438331604004 53.7870979309082
26.275625228881836 53.81296920776367
26.286880493164062 53.838844299316406
26.298152923583984 53.864715576171875
26.30944061279297 53.89059066772461
26.320743560791016 53.916465759277344
26.332061767578125 53.94234085083008
26.343395233154297 53.96821594238281
26.35474395751953 53.99409484863281
26.366107940673828 54.01996994018555
26.377487182617188 54.04584503173828
26.38888168334961 54.07172393798828
26.400293350219727 54.097599029541016
26.411720275878906 54.123477935791016
26.423160552978516 54.14935302734375
26.434619903564453 54.17523193359375
26.44609260559082 54.20111083984375
26.45758056640625 54.22698974609375
26.469085693359375 54.25286865234375
26.480606079101562 54.27874755859375
26.492141723632812 54.30462646484375
26.503694534301758 54.33050537109375
26.515260696411133 54.356388092041016
26.526845932006836 54.382266998291016
26.53844451904297 54.408145904541016
26.550060272216797 54.43402862548828
26.561691284179688 54.45990753173828
26.573339462280273 54.48579025268555
26.585002899169922 54.51166915893555
26.596681594848633 54.53755187988281
26.60837745666504 54.56343460083008
26.620088577270508 54.58931350708008
26.631816864013672 54.615196228027344
26.6435604095459 54.64107894897461
26.65532112121582 54.666961669921875
26.667097091674805 54.69284439086914
26.678890228271484 54.718727111816406
26.69070053100586 54.74460983276367
26.702526092529297 54.77049255371094
26.714366912841797 54.7963752746582
26.726226806640625 54.82225799560547
26.738100051879883 54.848140716552734
26.74999237060547 54.8740234375
26.761899948120117 54.899906158447266
26.77382469177246 54.9257926940918
26.7857666015625 54.95167541503906
26.7977237701416 54.97755813598633
26.8096981048584 55.003440856933594
26.82168960571289 55.029327392578125
26.833696365356445 55.05521011352539
26.845720291137695 55.081092834472656
26.857763290405273 55.10697937011719
26.869821548461914 55.13286209106445
26.881895065307617 55.15874481201172
26.89398765563965 55.18463134765625
26.906097412109375 55.210514068603516
26.918222427368164 55.23639678955078
26.93036460876465 55.26228332519531
26.94252586364746 55.28816604614258
26.954702377319336 55.314048767089844
26.966896057128906 55.339935302734375
26.979106903076172 55.36581802368164
26.991336822509766 55.391700744628906
27.003582000732422 55.41758346557617
27.015844345092773 55.4434700012207
27.02812385559082 55.46935272216797
27.040422439575195 55.495235443115234
27.052736282348633 55.5211181640625
27.0650691986084 55.54700469970703
27.07741928100586 55.5728874206543
27.089786529541016 55.59877014160156
27.102170944213867 55.62465286254883
27.114572525024414 55.650535583496094
27.12699317932129 55.67641830444336
27.13943099975586 55.702301025390625
27.151885986328125 55.72818374633789
27.164358139038086 55.754066467285156
27.176849365234375 55.77994918823242
27.18935775756836 55.80583190917969
27.20188331604004 55.83171463012695
27.214427947998047 55.85759735107422
27.22698974609375 55.88347625732422
27.23956871032715 55.909358978271484
27.252166748046875 55.93524169921875
27.264781951904297 55.96112060546875
27.277416229248047 55.987003326416016
27.290067672729492 56.012882232666016
27.302738189697266 56.03876495361328
27.315425872802734 56.06464385986328
27.3281307220459 56.09052276611328
27.340856552124023 56.11640548706055
27.35359764099121 56.14228439331055
27.36635971069336 56.16816329956055
27.379138946533203 56.19404220581055
27.391935348510742 56.21992111206055
27.404752731323242 56.24580001831055
27.417587280273438 56.27167892456055
27.430438995361328 56.29755401611328
27.44331169128418 56.32343292236328
27.456201553344727 56.34931182861328
27.46910858154297 56.375186920166016
27.482036590576172 56.40106201171875
27.49498176574707 56.42694091796875
27.50794792175293 56.452816009521484
27.520931243896484 56.47869110107422
27.533933639526367 56.50456619262695
27.546953201293945 56.53044128417969
27.559993743896484 56.55631637573242
27.57305335998535 56.582191467285156
27.586130142211914 56.608062744140625
27.599227905273438 56.63393783569336
27.612342834472656 56.65980911254883
27.625478744506836 56.6856803894043
27.63863182067871 56.71155548095703
27.651805877685547 56.7374267578125
27.664997100830078 56.76329803466797
27.67820930480957 56.78916549682617
27.69144058227539 56.81503677368164
27.70469093322754 56.84090805053711
27.717960357666016 56.86677551269531
27.73124885559082 56.89264678955078
27.744556427001953 56.918514251708984
27.757884979248047 56.94438171386719
27.77123260498047 56.97024917602539
27.78459930419922 56.996116638183594
27.79798698425293 57.02198028564453
27.811391830444336 57.047847747802734
27.824817657470703 57.07371139526367
27.83826446533203 57.099578857421875
27.851730346679688 57.12544250488281
27.865215301513672 57.15130615234375
27.878721237182617 57.17716598510742
27.89224624633789 57.20302963256836
27.905790328979492 57.2288932800293
27.919355392456055 57.25475311279297
27.932941436767578 57.28061294555664
27.94654655456543 57.30647277832031
27.96017074584961 57.332332611083984
27.973817825317383 57.358192443847656
27.98748207092285 57.38404846191406
28.001169204711914 57.409908294677734
28.014875411987305 57.43576431274414
28.028600692749023 57.46162033081055
28.042348861694336 57.48747634887695
28.056116104125977 57.51333236694336
28.069904327392578 57.5391845703125
28.083711624145508 57.565040588378906
28.09754180908203 57.59089279174805
28.111391067504883 57.61674499511719
28.125261306762695 57.64259338378906
28.13915252685547 57.6684455871582
28.153064727783203 57.69429397583008
28.166996002197266 57.72014617919922
28.180950164794922 57.745994567871094
28.194923400878906 57.7718391418457
28.208919525146484 57.79768753051758
28.22293472290039 57.82353591918945
28.23697280883789 57.84938049316406
28.25103187561035 57.87522506713867
28.26511001586914 57.90106964111328
28.279211044311523 57.926910400390625
28.293333053588867 57.95275115966797
28.307476043701172 57.97859573364258
28.321640014648438 58.00443649291992
28.335824966430664 58.0302734375
28.350032806396484 58.056114196777344
28.364261627197266 58.08195114135742
28.378511428833008 58.1077880859375
28.39278221130371 58.13362503051758
28.407075881958008 58.15945816040039
28.421390533447266 58.18529510498047
28.435726165771484 58.21112823486328
28.450084686279297 58.236961364746094
28.46446418762207 58.26279067993164
28.478866577148438 58.28862380981445
28.493289947509766 58.314453125
28.507734298706055 58.34028244018555
28.52220344543457 58.36610794067383
28.536691665649414 58.391937255859375
28.55120277404785 58.417762756347656
28.565736770629883 58.44358825683594
28.580293655395508 58.46940994262695
28.594871520996094 58.495235443115234
28.60947036743164 58.52105712890625
28.624094009399414 58.546878814697266
28.63873863220215 58.572696685791016
28.653406143188477 58.598514556884766
28.6680965423584 58.624332427978516
28.68280792236328 58.650150299072266
28.697542190551758 58.675968170166016
28.71230125427246 58.7017822265625
28.727081298828125 58.727596282958984
28.741884231567383 58.7534065246582
28.7567081451416 58.77922058105469
28.771556854248047 58.805030822753906
28.786428451538086 58.83083724975586
28.80132293701172 58.85664749145508
28.816240310668945 58.88245391845703
28.831180572509766 58.908260345458984
28.84614372253418 58.93406677246094
28.861129760742188 58.959869384765625
28.87613868713379 58.98567199707031
28.891172409057617 59.011470794677734
28.90622901916504 59.03727340698242
28.921306610107422 59.063072204589844
28.936410903930664 59.0888671875
28.951536178588867 59.11466598510742
28.966686248779297 59.14046096801758
28.98185920715332 59.166255950927734
28.99705696105957 59.192047119140625
29.012277603149414 59.217838287353516
29.02752113342285 59.243629455566406
29.042789459228516 59.26941680908203
29.058080673217773 59.295204162597656
29.073396682739258 59.32099151611328
29.088735580444336 59.346778869628906
29.10409927368164 59.372562408447266
29.11948585510254 59.39834213256836
29.134899139404297 59.42412567138672
29.150333404541016 59.44990539550781
29.165794372558594 59.475685119628906
29.181278228759766 59.501461029052734
29.196786880493164 59.52723693847656
29.21232032775879 59.55301284790039
29.227876663208008 59.57878494262695
29.243457794189453 59.604557037353516
29.259065628051758 59.63032531738281
29.274696350097656 59.65609359741211
29.29035186767578 59.681861877441406
29.306032180786133 59.7076301574707
29.321735382080078 59.733394622802734
29.337465286254883 59.7591552734375
29.353219985961914 59.78491973876953
29.368999481201172 59.8106803894043
29.384803771972656 59.8364372253418
29.400634765625 59.8621940612793
29.416488647460938 59.8879508972168
29.432369232177734 59.91370391845703
29.448272705078125 59.939456939697266
29.464202880859375 59.9652099609375
29.480159759521484 59.99095916748047
29.496139526367188 60.01670837402344
29.51214599609375 60.04245376586914
29.528179168701172 60.068199157714844
29.544235229492188 60.09394454956055
29.560319900512695 60.119686126708984
29.576427459716797 60.145423889160156
29.592561721801758 60.171165466308594
29.608722686767578 60.196903228759766
29.624908447265625 60.22263717651367
29.64112091064453 60.24837112426758
29.657360076904297 60.274105072021484
29.67362403869629 60.299835205078125
29.689912796020508 60.325565338134766
29.70623016357422 60.35129165649414
29.722572326660156 60.377017974853516
29.738941192626953 60.402740478515625
29.75533676147461 60.428462982177734
29.771759033203125 60.454185485839844
29.788206100463867 60.47990417480469
29.8046817779541 60.505619049072266
29.821182250976562 60.531333923339844
29.837709426879883 60.55704879760742
29.854265213012695 60.582759857177734
29.870845794677734 60.60847091674805
29.887454986572266 60.634178161621094
29.904088973999023 60.65988540649414
29.920751571655273 60.68559265136719
29.937440872192383 60.71129608154297
29.95415687561035 60.736995697021484
29.97089958190918 60.7626953125
29.9876708984375 60.78839111328125
30.00446891784668 60.8140869140625
30.02129364013672 60.83978271484375
30.03814697265625 60.865474700927734
30.05502700805664 60.89116287231445
30.07193374633789 60.91685104370117
30.088869094848633 60.94253921508789
30.105833053588867 60.968223571777344
30.12282371520996 60.99390411376953
30.139841079711914 61.019588470458984
30.156888961791992 61.045265197753906
30.17396354675293 61.07094192504883
30.191064834594727 61.09661865234375
30.208194732666016 61.12228775024414
30.225353240966797 61.1479606628418
30.24254035949707 61.17362976074219
30.259756088256836 61.19929504394531
30.27699851989746 61.22496032714844
30.29427146911621 61.2506217956543
30.31157112121582 61.276283264160156
30.328899383544922 61.301944732666016
30.34625816345215 61.327598571777344
30.363643646240234 61.35325622558594
30.381057739257812 61.37890625
30.398502349853516 61.40455627441406
30.41597557067871 61.430206298828125
30.433475494384766 61.45585250854492
30.451007843017578 61.48149490356445
30.46856689453125 61.507137298583984
30.486154556274414 61.532779693603516
30.503772735595703 61.558414459228516
30.521421432495117 61.58405303955078
30.53909683227539 61.609683990478516
30.556804656982422 61.63531494140625
30.574539184570312 61.660945892333984
30.592304229736328 61.68657302856445
30.61009979248047 61.712196350097656
30.6279239654541 61.73781967163086
30.64577865600586 61.7634391784668
30.663663864135742 61.78905487060547
30.681577682495117 61.81467056274414
30.699522018432617 61.84028625488281
30.717496871948242 61.86589813232422
30.735502243041992 61.89150619506836
30.753536224365234 61.917110443115234
30.7716007232666 61.94271469116211
30.789697647094727 61.968318939208984
30.807823181152344 61.993919372558594
30.825979232788086 62.01951599121094
30.844165802001953 62.045108795166016
30.862384796142578 62.070701599121094
30.880632400512695 62.096290588378906
30.89891242980957 62.12187957763672
30.91722297668457 62.147464752197266
30.935564041137695 62.17304992675781
30.953937530517578 62.19862747192383
30.972339630126953 62.224205017089844
30.99077606201172 62.24978256225586
31.009241104125977 62.27535629272461
31.027738571166992 62.300926208496094
31.046268463134766 62.32649612426758
31.064828872680664 62.35205841064453
31.083419799804688 62.37762451171875
31.10204315185547 62.40318298339844
31.120698928833008 62.428741455078125
31.139387130737305 62.45429611206055
31.158105850219727 62.47985076904297
31.176856994628906 62.505401611328125
31.195640563964844 62.530948638916016
31.214454650878906 62.556495666503906
31.23330307006836 62.58203887939453
31.25218391418457 62.60757827758789
31.271095275878906 62.633113861083984
31.290040969848633 62.65864944458008
31.309017181396484 62.684181213378906
31.328027725219727 62.709712982177734
31.347070693969727 62.73523712158203
31.366146087646484 62.76076126098633
31.38525390625 62.786285400390625
31.404396057128906 62.81180191040039
31.42357063293457 62.837318420410156
31.442777633666992 62.86283493041992
31.462017059326172 62.888343811035156
31.481292724609375 62.91385269165039
31.500598907470703 62.93935775756836
31.519939422607422 62.96485900878906
31.53931427001953 62.990360260009766
31.5587215423584 63.0158576965332
31.578163146972656 63.041351318359375
31.597639083862305 63.06684112548828
31.61714744567871 63.09233093261719
31.63669204711914 63.11781692504883
31.656269073486328 63.1432991027832
31.675880432128906 63.16877746582031
31.695526123046875 63.19425582885742
31.715206146240234 63.219730377197266
31.734920501708984 63.245201110839844
31.754669189453125 63.270668029785156
31.774452209472656 63.29613494873047
31.794269561767578 63.32159423828125
31.814123153686523 63.34705352783203
31.83401107788086 63.37251281738281
31.853933334350586 63.39796447753906
31.873889923095703 63.42341613769531
31.893882751464844 63.4488639831543
31.913909912109375 63.474308013916016
31.93397331237793 63.49974822998047
31.954071044921875 63.52518844604492
31.974205017089844 63.550621032714844
31.994375228881836 63.576053619384766
32.01457977294922 63.60148239135742
32.034820556640625 63.62691116333008
32.05509567260742 63.6523323059082
32.075408935546875 63.67775344848633
32.09575653076172 63.70317077636719
32.11614227294922 63.72858428955078
32.13656234741211 63.75399398803711
32.15701675415039 63.77939987182617
32.177513122558594 63.804805755615234
32.19804000854492 63.83020782470703
32.21860885620117 63.8556022644043
32.23920822143555 63.88100051879883
32.259849548339844 63.90639114379883
32.28052520751953 63.93177795410156
32.301239013671875 63.95716094970703
32.321990966796875 63.9825439453125
32.342777252197266 64.00791931152344
32.36360168457031 64.03329467773438
32.384464263916016 64.05867004394531
32.40536117553711 64.08403778076172
32.426300048828125 64.10940551757812
32.44727325439453 64.134765625
32.468284606933594 64.16012573242188
32.48933410644531 64.18547821044922
32.51042175292969 64.21083068847656
32.53154754638672 64.23617553710938
32.552711486816406 64.26152038574219
32.57391357421875 64.286865234375
32.59515380859375 64.31220245361328
32.616432189941406 64.33753204345703
32.63774871826172 64.36286926269531
32.65910339355469 64.38819122314453
32.68050003051758 64.41352081298828
32.70193099975586 64.43883514404297
32.72340393066406 64.46415710449219
32.74491500854492 64.48947143554688
32.76646423339844 64.51477813720703
32.78805160522461 64.54008483886719
32.8096809387207 64.56538391113281
32.83134841918945 64.59068298339844
32.853057861328125 64.61598205566406
32.87480163574219 64.64127349853516
32.89659118652344 64.66656494140625
32.91841506958008 64.69184875488281
32.94028091430664 64.71712493896484
32.962188720703125 64.74240112304688
32.984134674072266 64.7676773071289
33.00612258911133 64.7929458618164
33.02814865112305 64.8182144165039
33.05021667480469 64.84347534179688
33.072322845458984 64.86873626708984
33.0944709777832 64.89398956298828
33.116661071777344 64.91924285888672
33.13888931274414 64.94448852539062
33.16115951538086 64.96973419189453
33.1834716796875 64.9949722290039
33.20582580566406 65.02021026611328
33.22822189331055 65.04544067382812
33.25065612792969 65.07067108154297
33.27313232421875 65.09589385986328
33.295650482177734 65.1211166381836
33.318214416503906 65.14633178710938
33.340816497802734 65.17153930664062
33.363460540771484 65.1967544555664
33.386146545410156 65.22195434570312
33.40887451171875 65.24715423583984
33.431644439697266 65.27235412597656
33.45446014404297 65.29754638671875
33.47731399536133 65.32273864746094
33.500213623046875 65.3479232788086
33.523155212402344 65.37310028076172
33.546138763427734 65.39827728271484
33.56916427612305 65.42345428466797
33.59223556518555 65.44862365722656
33.61534881591797 65.47378540039062
33.63850402832031 65.49894714355469
33.661705017089844 65.52410125732422
33.6849479675293 65.54925537109375
33.70823669433594 65.57440185546875
33.7315673828125 65.59954833984375
33.754940032958984 65.62468719482422
33.778358459472656 65.64982604980469
33.801822662353516 65.67495727539062
33.8253288269043 65.70008087158203
33.848880767822266 65.72520446777344
33.87247848510742 65.75032043457031
33.8961181640625 65.77543640136719
33.919803619384766 65.80054473876953
33.94353103637695 65.82565307617188
33.967308044433594 65.85075378417969
33.991127014160156 65.8758544921875
34.014991760253906 65.90094757080078
34.038902282714844 65.92603302001953
34.06285858154297 65.95111846923828
34.08686065673828 65.9761962890625
34.11090850830078 66.00127410888672
34.13500213623047 66.0263442993164
34.159141540527344 66.05140686035156
34.183326721191406 66.07646942138672
34.207557678222656 66.10153198242188
34.231834411621094 66.1265869140625
34.256160736083984 66.1516342163086
34.2805290222168 66.17667388916016
34.30494689941406 66.20171356201172
34.329410552978516 66.22675323486328
34.35392379760742 66.25177764892578
34.378482818603516 66.27680969238281
34.4030876159668 66.30182647705078
34.42774200439453 66.32684326171875
34.45244216918945 66.35186004638672
34.47718811035156 66.37686157226562
34.501983642578125 66.40187072753906
34.52682876586914 66.42686462402344
34.551719665527344 66.45185852050781
34.57666015625 66.47684478759766
34.601646423339844 66.5018310546875
34.62668228149414 66.52680969238281
34.65176773071289 66.55178833007812
34.676902770996094 66.57675170898438
34.702083587646484 66.60172271728516
34.72731399536133 66.62667846679688
34.752593994140625 66.6516342163086
34.777923583984375 66.67658233642578
34.80330276489258 66.70153045654297
34.828731536865234 66.72647094726562
34.854209899902344 66.75141143798828
34.879737854003906 66.77633666992188
34.90531539916992 66.80126190185547
34.93094253540039 66.82618713378906
34.95661926269531 66.85110473632812
34.98234558105469 66.87601470947266
35.00812530517578 66.90091705322266
35.03395462036133 66.92581939697266
35.05983352661133 66.95071411132812
35.08576583862305 66.9756088256836
35.11174392700195 67.00049591064453
35.137779235839844 67.02537536621094
35.16386032104492 67.05025482177734
35.189998626708984 67.07511901855469
35.216182708740234 67.09999084472656
35.24242401123047 67.12484741210938
35.268714904785156 67.14970397949219
35.2950553894043 67.17455291748047
35.321449279785156 67.19940185546875
35.347896575927734 67.22423553466797
35.37439727783203 67.24906921386719
35.40094757080078 67.2739028930664
35.427555084228516 67.2987289428711
35.4542121887207 67.32354736328125
35.48092269897461 67.34835815429688
35.507686614990234 67.3731689453125
35.53450393676758 67.3979721069336
35.56137466430664 67.42276763916016
35.58829879760742 67.44755554199219
35.61527633666992 67.47234344482422
35.64230728149414 67.49712371826172
35.669395446777344 67.52190399169922
35.696533203125 67.54667663574219
35.72372817993164 67.57144165039062
35.750980377197266 67.59619903564453
35.778282165527344 67.6209487915039
35.805641174316406 67.64569854736328
35.83305740356445 67.67044067382812
35.86052322387695 67.69518280029297
35.8880500793457 67.71990966796875
35.91563034057617 67.74463653564453
35.94326400756836 67.76935577392578
35.97095489501953 67.79407501220703
35.99870300292969 67.81877899169922
36.02650833129883 67.8434829711914
36.05436706542969 67.8681869506836
36.08228302001953 67.89287567138672
36.11025619506836 67.91756439208984
36.13828659057617 67.94224548339844
36.1663703918457 67.9669189453125
36.194515228271484 67.99158477783203
36.22271728515625 68.01625061035156
36.250972747802734 68.04090881347656
36.27928924560547 68.06555938720703
36.30766296386719 68.0902099609375
36.33609390258789 68.1148452758789
36.364585876464844 68.13948059082031
36.393131256103516 68.16410827636719
36.42173767089844 68.18872833251953
36.45040512084961 68.21334838867188
36.4791259765625 68.23796081542969
36.507911682128906 68.26256561279297
36.53675079345703 68.28716278076172
36.565650939941406 68.31175231933594
36.59461212158203 68.33634185791016
36.623634338378906 68.36092376708984
36.652713775634766 68.385498046875
36.68185043334961 68.41006469726562
36.71105194091797 68.43462371826172
36.74031066894531 68.45918273925781
36.76963424682617 68.48372650146484
36.799015045166016 68.50827026367188
36.82845687866211 68.5328140258789
36.85795974731445 68.55734252929688
36.88752365112305 68.58186340332031
36.91714859008789 68.60638427734375
36.94683837890625 68.63089752197266
36.976585388183594 68.65540313720703
37.00639724731445 68.67990112304688
37.03627014160156 68.70439910888672
37.06620407104492 68.7288818359375
37.0962028503418 68.75336456298828
37.12626266479492 68.77783966064453
37.15638732910156 68.80230712890625
37.18657302856445 68.82676696777344
37.216819763183594 68.8512191772461
37.247135162353516 68.87567138671875
37.27750778198242 68.90010833740234
37.30794906616211 68.92454528808594
37.33845520019531 68.948974609375
37.369022369384766 68.97339630126953
37.399654388427734 68.99781036376953
37.43035125732422 69.022216796875
37.46111297607422 69.04662322998047
37.491939544677734 69.07101440429688
37.522830963134766 69.09540557861328
37.55378723144531 69.11978912353516
37.584808349609375 69.1441650390625
37.61589431762695 69.16853332519531
37.64704895019531 69.1928939819336
37.67826843261719 69.21724700927734
37.709556579589844 69.24159240722656
37.74090576171875 69.26593780517578
37.7723274230957 69.29026794433594
37.803810119628906 69.3145980834961
37.835365295410156 69.33892059326172
37.86698532104492 69.36323547363281
37.8986701965332 69.38754272460938
37.93042755126953 69.4118423461914
37.962249755859375 69.4361343383789
37.994140625 69.46041870117188
38.026100158691406 69.48469543457031
38.058128356933594 69.50897216796875
38.0902214050293 69.53323364257812
38.12238693237305 69.55748748779297
38.15462112426758 69.58174133300781
38.18692398071289 69.60598754882812
38.219295501708984 69.63021850585938
38.251739501953125 69.65444946289062
38.28425216674805 69.67867279052734
38.31683349609375 69.70288848876953
38.3494873046875 69.72708892822266
38.38220977783203 69.75128936767578
38.41500473022461 69.77548217773438
38.44786834716797 69.79966735839844
38.480804443359375 69.82384490966797
38.51381301879883 69.84801483154297
38.54689025878906 69.87217712402344
38.580039978027344 69.89633178710938
38.61326217651367 69.92048645019531
38.64655685424805 69.94462585449219
38.67992401123047 69.96875762939453
38.71336364746094 69.99288177490234
38.74687957763672 70.01699829101562
38.78046417236328 70.04110717773438
38.814125061035156 70.06521606445312
38.743404388427734 70.07669067382812
38.672611236572266 70.088134765625
38.60174560546875 70.09955596923828
38.53080749511719 70.11095428466797
38.45979690551758 70.12232208251953
38.388710021972656 70.1336669921875
38.31755065917969 70.14498138427734
38.24632263183594 70.15626525878906
38.17501449584961 70.16752624511719
38.1036376953125 70.17875671386719
38.032188415527344 70.1899642944336
37.960662841796875 70.2011489868164
37.889068603515625 70.21229553222656
37.81739807128906 70.22341918945312
37.74565505981445 70.2345199584961
37.6738395690918 70.24559020996094
37.60195541381836 70.25663757324219
37.52999496459961 70.26764678955078
37.45796203613281 70.27864074707031
37.38585662841797 70.28959655761719
37.31367874145508 70.300537109375
37.241432189941406 70.31143951416016
37.16910934448242 70.32231903076172
37.096717834472656 70.33316802978516
37.02425003051758 70.343994140625
36.95171356201172 70.35478973388672
36.87910461425781 70.36555480957031
36.80642318725586 70.37629699707031
36.733673095703125 70.38700866699219
36.66084671020508 70.39769744873047
36.58795166015625 70.4083480834961
36.514984130859375 70.41898345947266
36.44194412231445 70.42958068847656
36.36883544921875 70.44015502929688
36.295654296875 70.45069885253906
36.2224006652832 70.46121978759766
36.149078369140625 70.47171020507812
36.07568359375 70.48217010498047
36.00221633911133 70.49259948730469
35.928680419921875 70.50300598144531
35.85507583618164 70.51338195800781
35.78139877319336 70.52372741699219
35.70764923095703 70.53404998779297
35.63383102416992 70.54434204101562
35.559940338134766 70.55460357666016
35.48598098754883 70.5648422241211
35.41195297241211 70.5750503540039
35.337852478027344 70.5852279663086
35.2636833190918 70.59537506103516
35.18944549560547 70.6054916381836
35.115135192871094 70.61558532714844
35.04075622558594 70.62564849853516
34.96630859375 70.63568878173828
34.891788482666016 70.64569091796875
34.817203521728516 70.65567016601562
34.74254608154297 70.66561889648438
34.66781997680664 70.675537109375
34.59302520751953 70.68543243408203
34.51816177368164 70.6952896118164
34.44322967529297 70.70512390136719
34.36822509765625 70.71492767333984
34.293155670166016 70.72470092773438
34.218017578125 70.73445129394531
34.1428108215332 70.74417114257812
34.067535400390625 70.75385284423828
33.992191314697266 70.76351165771484
33.916778564453125 70.77314758300781
33.8412971496582 70.78274536132812
33.765750885009766 70.79231262207031
33.69013214111328 70.8018569946289
33.61444854736328 70.81137084960938
33.538700103759766 70.82085418701172
33.4628791809082 70.83030700683594
33.386993408203125 70.83972930908203
33.31104278564453 70.84912872314453
33.235023498535156 70.85848999023438
33.158935546875 70.86782836914062
33.08277893066406 70.87712860107422
33.006561279296875 70.88640594482422
32.93027114868164 70.8956527709961
32.853919982910156 70.90486907958984
32.77750015258789 70.9140625
32.701011657714844 70.9232177734375
32.62446212768555 70.93234252929688
32.5478401184082 70.94144439697266
32.47115707397461 70.95050811767578
32.3944091796875 70.95954895019531
32.31759262084961 70.96855926513672
32.2407112121582 70.97753143310547
32.16376495361328 70.98648071289062
32.086753845214844 70.99539947509766
32.00967788696289 71.00428771972656
31.93253517150879 71.01314544677734
31.855329513549805 71.02197265625
31.778059005737305 71.03076934814453
31.70072364807129 71.03953552246094
31.62332534790039 71.04827880859375
31.545860290527344 71.0569839477539
31.468332290649414 71.06565856933594
31.3907413482666 71.07430267333984
31.313085556030273 71.08291625976562
31.235366821289062 71.09150695800781
31.157583236694336 71.10005950927734
31.07973861694336 71.10858154296875
31.001829147338867 71.11707305908203
30.923856735229492 71.12554168701172
30.845821380615234 71.13397216796875
30.767723083496094 71.14237213134766
30.689563751220703 71.15074157714844
30.611339569091797 71.1590805053711
30.53305435180664 71.16738891601562
30.454708099365234 71.17567443847656
30.376298904418945 71.18392181396484
30.297826766967773 71.192138671875
30.21929359436035 71.20032501220703
30.14069938659668 71.2084732055664
30.062044143676758 71.21659851074219
29.983327865600586 71.22469329833984
29.904550552368164 71.23275756835938
29.82571029663086 71.24078369140625
29.746810913085938 71.24878692626953
29.6678524017334 71.25675201416016
29.588830947875977 71.26469421386719
29.509750366210938 71.27259826660156
29.43061065673828 71.28047180175781
29.351409912109375 71.28831481933594
29.27215003967285 71.29612731933594
29.19283103942871 71.30390930175781
29.11345100402832 71.31166076660156
29.034013748168945 71.31938171386719
28.95451545715332 71.32706451416016
28.87495994567871 71.33472442626953
28.795345306396484 71.34234619140625
28.71567153930664 71.34993743896484
28.635940551757812 71.35749816894531
28.556150436401367 71.36502838134766
28.476303100585938 71.37252807617188
28.396398544311523 71.37998962402344
28.316434860229492 71.3874282836914
28.236413955688477 71.39482879638672
28.15633773803711 71.4021987915039
28.076202392578125 71.40953826904297
27.99601173400879 71.4168472290039
27.91576385498047 71.42412567138672
27.835458755493164 71.43136596679688
27.755098342895508 71.4385757446289
27.674680709838867 71.44575500488281
27.594207763671875 71.4529037475586
27.51367950439453 71.46002197265625
27.433094024658203 71.46710205078125
27.352455139160156 71.47415924072266
27.271760940551758 71.4811782836914
27.191011428833008 71.4881591796875
27.110206604003906 71.4951171875
27.029346466064453 71.50204467773438
26.94843292236328 71.5089340209961
26.86746597290039 71.51579284667969
26.78644561767578 71.52261352539062
26.70536994934082 71.52941131591797
26.62424087524414 71.53617095947266
26.543058395385742 71.54290008544922
26.461822509765625 71.54959869384766
26.380535125732422 71.55626678466797
26.299192428588867 71.56289672851562
26.21780014038086 71.56949615478516
26.1363525390625 71.57606506347656
26.054855346679688 71.58259582519531
25.973304748535156 71.58909606933594
25.89170265197754 71.59556579589844
25.810049057006836 71.60200500488281
25.72834587097168 71.60840606689453
25.646589279174805 71.61478424072266
25.564783096313477 71.6211166381836
25.482925415039062 71.62742614746094
25.401018142700195 71.63369750976562
25.319059371948242 71.63993835449219
25.237051010131836 71.64614868164062
25.154993057250977 71.6523208618164
25.072885513305664 71.65846252441406
24.99073028564453 71.6645736694336
24.908523559570312 71.67064666748047
24.826269149780273 71.67668914794922
24.74396514892578 71.68270111083984
24.66161346435547 71.68867492675781
24.579212188720703 71.69462585449219
24.49676513671875 71.70053100585938
24.414268493652344 71.70641326904297
24.331724166870117 71.7122573852539
24.249134063720703 71.71807098388672
24.166494369506836 71.72384643554688
24.083810806274414 71.7295913696289
24.00107765197754 71.73530578613281
23.91830062866211 71.74098205566406
23.83547592163086 71.74662780761719
23.752605438232422 71.75223541259766
23.669689178466797 71.75782012939453
23.586727142333984 71.76336669921875
23.503721237182617 71.76887512207031
23.420669555664062 71.77435302734375
23.33757209777832 71.77980041503906
23.254430770874023 71.78520965576172
23.171245574951172 71.79058837890625
23.088014602661133 71.79593658447266
23.004741668701172 71.8012466430664
22.921424865722656 71.80652618408203
22.838064193725586 71.811767578125
22.754661560058594 71.81697845458984
22.671215057373047 71.82215118408203
22.587724685668945 71.82730102539062
22.504194259643555 71.83240509033203
22.42061996459961 71.83748626708984
22.337003707885742 71.84252166748047
22.253347396850586 71.8475341796875
22.169649124145508 71.85250854492188
22.085908889770508 71.8574447631836
22.00212860107422 71.86235809326172
21.91830825805664 71.86722564697266
21.83444595336914 71.8720703125
21.75054359436035 71.87687683105469
21.666603088378906 71.88164520263672
21.58262062072754 71.88638305664062
21.498600006103516 71.89108276367188
21.414541244506836 71.895751953125
21.330442428588867 71.900390625
21.24630355834961 71.90499114990234
21.162128448486328 71.90956115722656
21.07791519165039 71.91409301757812
20.993663787841797 71.91859436035156
20.909374237060547 71.92305755615234
20.825048446655273 71.927490234375
20.740684509277344 71.931884765625
20.65628433227539 71.93624877929688
20.57184600830078 71.9405746459961
20.48737335205078 71.94486999511719
20.402864456176758 71.94913482666016
20.31831932067871 71.95336151123047
20.233739852905273 71.95755004882812
20.149124145507812 71.96170806884766
20.06447410583496 71.96582794189453
19.979787826538086 71.96991729736328
19.895069122314453 71.9739761352539
19.810314178466797 71.97799682617188
19.725526809692383 71.98197937011719
19.640705108642578 71.98593139648438
19.555850982666016 71.9898452758789
19.470964431762695 71.99372863769531
19.386043548583984 71.9975814819336
19.301090240478516 72.00139617919922
19.21610450744629 72.00517272949219
19.131088256835938 72.00891876220703
19.046039581298828 72.01262664794922
18.960960388183594 72.01630401611328
18.8758487701416 72.01994323730469
18.790706634521484 72.02355194091797
18.705533981323242 72.0271224975586
18.620330810546875 72.03065490722656
18.535097122192383 72.0341567993164
18.4498348236084 72.03762817382812
18.36454200744629 72.04106140136719
18.279220581054688 72.0444564819336
18.193870544433594 72.04782104492188
18.108491897583008 72.05115509033203
18.02308464050293 72.054443359375
17.93764877319336 72.05770874023438
17.85218620300293 72.06092834472656
17.766695022583008 72.06411743164062
17.681177139282227 72.06727600097656
17.595632553100586 72.07039642333984
17.510061264038086 72.07347869873047
17.424463272094727 72.07653045654297
17.33884048461914 72.07955169677734
17.253190994262695 72.08252716064453
17.16751480102539 72.0854721069336
17.081815719604492 72.08838653564453
16.996089935302734 72.09126281738281
16.910341262817383 72.09410095214844
16.824565887451172 72.09690856933594
16.73876953125 72.09967803955078
16.65294647216797 72.1024169921875
16.567102432250977 72.10511779785156
16.481233596801758 72.1077880859375
16.395341873168945 72.11042022705078
16.309429168701172 72.1130142211914
16.223491668701172 72.1155776977539
16.137535095214844 72.11810302734375
16.05155372619629 72.12059020996094
15.965553283691406 72.123046875
15.879530906677246 72.12547302246094
15.793487548828125 72.12785339355469
15.70742416381836 72.13021087646484
15.62134075164795 72.13252258300781
15.535237312316895 72.13480377197266
15.449113845825195 72.13704681396484
15.362971305847168 72.1392593383789
15.276809692382812 72.14143371582031
15.190629005432129 72.1435775756836
15.104430198669434 72.14568328857422
15.018213272094727 72.14775085449219
14.931978225708008 72.14978790283203
14.845726013183594 72.15178680419922
14.759456634521484 72.15374755859375
14.673171043395996 72.15567779541016
14.586867332458496 72.1575698852539
14.500548362731934 72.15943145751953
14.414213180541992 72.1612548828125
14.327861785888672 72.16304016113281
14.241495132446289 72.164794921875
14.15511417388916 72.16651153564453
14.068717956542969 72.1681900024414
13.982306480407715 72.16983795166016
13.895881652832031 72.17144775390625
13.809442520141602 72.17302703857422
13.722990036010742 72.17456817626953
13.636524200439453 72.17607116699219
13.55004596710205 72.17754364013672
13.463554382324219 72.1789779663086
13.377050399780273 72.18037414550781
13.290534019470215 72.1817398071289
13.204007148742676 72.18306732177734
13.117467880249023 72.18435668945312
13.030917167663574 72.18561553955078
12.944355964660645 72.18683624267578
12.857784271240234 72.18802642822266
12.77120304107666 72.18917846679688
12.684611320495605 72.19029235839844
12.598010063171387 72.19137573242188
12.511399269104004 72.19242095947266
12.424779891967773 72.19342803955078
12.338150978088379 72.19440460205078
12.251514434814453 72.19534301757812
12.164870262145996 72.19624328613281
12.078217506408691 72.19711303710938
11.991558074951172 72.19794464111328
11.904891014099121 72.19874572753906
11.818217277526855 72.19950866699219
11.731536865234375 72.20023345947266
11.64484977722168 72.20092010498047
11.558156967163086 72.20157623291016
11.47145938873291 72.20220184326172
11.384756088256836 72.2027816772461
11.29804801940918 72.20333099365234
11.211335182189941 72.20384216308594
11.124617576599121 72.2043228149414
11.037896156311035 72.20476531982422
10.951170921325684 72.20516967773438
10.864442825317383 72.2055435180664
10.777710914611816 72.20587921142578
10.690977096557617 72.20618438720703
10.604240417480469 72.2064437866211
10.517500877380371 72.20667266845703
10.430760383605957 72.20687103271484
10.34401798248291 72.20703125
10.257274627685547 72.2071533203125
10.17052936553955 72.20723724365234
10.083784103393555 72.20729064941406
9.997038841247559 72.20730590820312
9.910293579101562 72.20729064941406
9.823548316955566 72.20723724365234
9.736804008483887 72.20714569091797
9.650060653686523 72.20701599121094
9.563318252563477 72.20685577392578
9.476577758789062 72.20665740966797
9.389838218688965 72.20642852783203
9.303101539611816 72.20616149902344
9.216367721557617 72.20585632324219
9.129636764526367 72.20552062988281
9.04290771484375 72.20514678955078
8.956183433532715 72.2047348022461
8.869462013244629 72.20429229736328
8.782745361328125 72.20381164550781
8.696032524108887 72.20329284667969
8.60932445526123 72.20274353027344
8.522622108459473 72.20215606689453
8.435924530029297 72.2015380859375
8.349231719970703 72.20087432861328
8.262545585632324 72.20018768310547
8.17586612701416 72.19945526123047
8.089192390441895 72.19869232177734
8.00252628326416 72.19789123535156
7.915866374969482 72.19705963134766
7.829214572906494 72.1961898803711
7.742570400238037 72.19528198242188
7.6559343338012695 72.1943359375
7.56930685043335 72.193359375
7.482687473297119 72.19235229492188
7.396077632904053 72.19129943847656
7.309476852416992 72.19021606445312
7.222886085510254 72.18910217285156
7.13630485534668 72.18795013427734
7.049734115600586 72.18675994873047
6.963173866271973 72.18553161621094
6.87662410736084 72.18427276611328
6.790085792541504 72.18297576904297
6.703558921813965 72.18164825439453
6.617043972015381 72.18028259277344
6.530540943145752 72.17887878417969
6.444050312042236 72.17744445800781
6.357572555541992 72.17597198486328
6.2711076736450195 72.1744613647461
6.184655666351318 72.17292022705078
6.098217964172363 72.17134094238281
6.011793613433838 72.16972351074219
5.925384044647217 72.16807556152344
5.838988304138184 72.16638946533203
5.752607822418213 72.1646728515625
5.666242599487305 72.16291809082031
5.579892635345459 72.16112518310547
5.493558406829834 72.1593017578125
5.40723991394043 72.15744018554688
5.3209381103515625 72.15554809570312
5.234652996063232 72.15361785888672
5.1483845710754395 72.15164947509766
5.0621337890625 72.14964294433594
4.975900173187256 72.1476058959961
4.889684677124023 72.14553833007812
4.8034868240356445 72.1434326171875
4.717308044433594 72.14128875732422
4.631147384643555 72.13910675048828
4.545006275177002 72.13689422607422
4.458884239196777 72.13465118408203
4.372781753540039 72.13236999511719
4.2866997718811035 72.13005065917969
4.200637340545654 72.12769317626953
4.114595890045166 72.12530517578125
4.0285749435424805 72.12287902832031
3.942575216293335 72.12042236328125
3.8565969467163086 72.11792755126953
3.7706403732299805 72.11540222167969
3.6847057342529297 72.11283874511719
3.5987935066223145 72.11023712158203
3.512903928756714 72.10760498046875
3.427037000656128 72.10493469238281
3.341193437576294 72.10223388671875
3.255373239517212 72.09949493408203
3.16957688331604 72.09671783447266
3.0838046073913574 72.09391021728516
2.998056650161743 72.091064453125
2.9123332500457764 72.08818817138672
2.826634645462036 72.08527374267578
2.7409615516662598 72.08232879638672
2.655313730239868 72.079345703125
2.5696918964385986 72.07632446289062
2.484096050262451 72.07327270507812
2.398526430130005 72.07018280029297
2.312983512878418 72.06706237792969
2.2274675369262695 72.06390380859375
2.1419789791107178 72.06071472167969
2.0565176010131836 72.05748748779297
1.9710842370986938 72.0542221069336
1.8856788873672485 72.0509262084961
1.8003019094467163 72.04759216308594
1.7149535417556763 72.04422760009766
1.629634141921997 72.04082489013672
1.5443438291549683 72.03739166259766
1.459083080291748 72.03392028808594
1.3738521337509155 72.0304183959961
1.2886511087417603 72.0268783569336
1.2034804821014404 72.02330017089844
1.1183404922485352 72.01969146728516
1.033231258392334 72.01605224609375
0.9481532573699951 72.01237487792969
0.8631066679954529 72.00865936279297
0.7780917882919312 72.00491333007812
0.693108856678009 72.00113677978516
0.6081582307815552 71.997314453125
0.5232400894165039 71.99346923828125
0.4383547306060791 71.98958587646484
0.353502482175827 71.98566436767578
0.2686835527420044 71.9817123413086
0.18389825522899628 71.97772216796875
0.19682718813419342 71.95149230957031
0.2097223699092865 71.92526245117188
0.22258393466472626 71.8990249633789
0.23541200160980225 71.87278747558594
0.2482067048549652 71.84654998779297
0.2609681785106659 71.82030487060547
0.27369654178619385 71.79405212402344
0.286391943693161 71.76780700683594
0.29905447363853455 71.74154663085938
0.3116842806339264 71.71529388427734
0.3242815136909485 71.68903350830078
0.3368462324142456 71.66276550292969
0.34937864542007446 71.6364974975586
0.36187881231307983 71.6102294921875
0.37434688210487366 71.58395385742188
0.3867829740047455 71.55767822265625
0.3991871774196625 71.5313949584961
0.41155967116355896 71.50511169433594
0.4239005744457245 71.47882843017578
0.43620994687080383 71.4525375366211
0.4484879672527313 71.4262466430664
0.46073469519615173 71.39994812011719
0.4729503095149994 71.37364959716797
0.48513489961624146 71.34734344482422
0.4972885847091675 71.32103729248047
0.5094115138053894 71.29473114013672
0.521503746509552 71.26841735839844
0.5335654020309448 71.24210357666016
0.5455966591835022 71.21578979492188
0.5575975775718689 71.18946838378906
0.5695682168006897 71.16313934326172
0.5815088152885437 71.1368179321289
0.5934194326400757 71.11048889160156
0.6053001880645752 71.08415222167969
0.617151141166687 71.05781555175781
0.6289724707603455 71.03147888183594
0.6407642364501953 71.00513458251953
0.6525266170501709 70.97879028320312
0.6642596125602722 70.95244598388672
0.6759634017944336 70.92609405517578
0.6876381039619446 70.89974212646484
0.6992838382720947 70.87338256835938
0.710900604724884 70.8470230102539
0.7224886417388916 70.82066345214844
0.7340480089187622 70.79429626464844
0.7455787658691406 70.76792907714844
0.7570810914039612 70.7415542602539
0.7685550451278687 70.71517944335938
0.7800006866455078 70.68880462646484
0.7914182543754578 70.66242218017578
0.8028076887130737 70.63603973388672
0.8141692280769348 70.60965728759766
0.8255029320716858 70.58326721191406
0.8368088603019714 70.55687713623047
0.8480871319770813 70.53048706054688
0.8593378663063049 70.50408935546875
0.8705611824989319 70.47769165039062
0.8817571401596069 70.45128631591797
0.8929258584976196 70.42488098144531
0.9040673971176147 70.39847564697266
0.9151818752288818 70.37206268310547
0.9262694716453552 70.34564971923828
0.9373301863670349 70.3192367553711
0.9483641386032104 70.29281616210938
0.9593713879585266 70.26639556884766
0.9703521132469177 70.23997497558594
0.9813063740730286 70.21354675292969
0.9922342300415039 70.18711853027344
1.0031358003616333 70.16068267822266
1.014011263847351 70.1342544555664
1.0248606204986572 70.1078109741211
1.0356838703155518 70.08137512207031
1.0464812517166138 70.054931640625
1.0572528839111328 70.02848815917969
1.0679987668991089 70.00203704833984
1.0787190198898315 69.97559356689453
1.0894137620925903 69.94913482666016
1.1000829935073853 69.92268371582031
1.1107268333435059 69.89622497558594
1.1213455200195312 69.86976623535156
1.1319389343261719 69.84329986572266
1.1425073146820068 69.81683349609375
1.1530506610870361 69.79036712646484
1.1635690927505493 69.76390075683594
1.174062728881836 69.7374267578125
1.184531569480896 69.71095275878906
1.1949758529663086 69.6844711303711
1.2053954601287842 69.65799713134766
1.2157906293869019 69.63150787353516
1.2261614799499512 69.60502624511719
1.2365078926086426 69.57853698730469
1.2468301057815552 69.55204772949219
1.2571282386779785 69.52555847167969
1.2674022912979126 69.49906158447266
1.277652382850647 69.47256469726562
1.2878785133361816 69.4460678100586
1.2980809211730957 69.41956329345703
1.3082596063613892 69.39305877685547
1.318414568901062 69.3665542602539
1.3285460472106934 69.34004211425781
1.3386540412902832 69.31352996826172
1.348738670349121 69.28701782226562
1.358799934387207 69.26050567626953
1.3688379526138306 69.2339859008789
1.3788527250289917 69.20746612548828
1.388844609260559 69.18094635009766
1.3988133668899536 69.1544189453125
1.4087592363357544 69.12789154052734
1.418682336807251 69.10136413574219
1.4285825490951538 69.0748291015625
1.438460111618042 69.04829406738281
1.448315143585205 69.02175903320312
1.4581475257873535 68.99522399902344
1.467957615852356 68.96868133544922
1.4777451753616333 68.942138671875
1.4875105619430542 68.91558837890625
1.497253656387329 68.88904571533203
1.5069745779037476 68.86249542236328
1.5166734457015991 68.83594512939453
1.5263502597808838 68.80938720703125
1.5360052585601807 68.7828369140625
1.5456383228302002 68.75627899169922
1.5552496910095215 68.7297134399414
1.564839243888855 68.70315551757812
1.5744072198867798 68.67658996582031
1.583953619003296 68.6500244140625
1.5934785604476929 68.62345123291016
1.6029821634292603 68.59688568115234
1.6124643087387085 68.5703125
1.6219252347946167 68.54373931884766
1.6313649415969849 68.51715850830078
1.640783429145813 68.4905776977539
1.6501809358596802 68.46399688720703
1.6595574617385864 68.43741607666016
1.6689131259918213 68.41082763671875
1.6782478094100952 68.38424682617188
1.6875618696212769 68.35765838623047
1.696855068206787 68.33106231689453
1.7061277627944946 68.30447387695312
1.7153797149658203 68.27787780761719
1.7246112823486328 68.25128173828125
1.7338223457336426 68.22467803955078
1.7430131435394287 68.19808197021484
1.7521835565567017 68.17147827148438
1.761333703994751 68.1448745727539
1.7704637050628662 68.1182632446289
1.779573678970337 68.09165954589844
1.7886635065078735 68.06504821777344
1.7977334260940552 68.03843688964844
1.8067834377288818 68.0118179321289
1.8158135414123535 67.98519897460938
1.8248239755630493 67.95858764648438
1.8338146209716797 67.93196105957031
1.8427855968475342 67.90534210205078
1.8517370223999023 67.87872314453125
1.8606690168380737 67.85209655761719
1.8695814609527588 67.82546997070312
1.878474473953247 67.79883575439453
1.8873481750488281 67.77220916748047
1.8962026834487915 67.74557495117188
1.9050378799438477 67.71894073486328
1.9138540029525757 67.69230651855469
1.9226510524749756 67.66566467285156
1.9314290285110474 67.63902282714844
1.9401880502700806 67.61238098144531
1.9489282369613647 67.58573913574219
1.9576494693756104 67.55909729003906
1.9663519859313965 67.5324478149414
1.9750357866287231 67.50579833984375
1.9837009906768799 67.4791488647461
1.9923475980758667 67.45249938964844
2.0009756088256836 67.42584228515625
2.00958514213562 67.39918518066406
2.018176317214966 67.37252807617188
2.0267488956451416 67.34587097167969
2.0353033542633057 67.3192138671875
2.043839693069458 67.29254913330078
2.0523576736450195 67.26588439941406
2.0608575344085693 67.23921966552734
2.0693395137786865 67.21255493164062
2.077803134918213 67.18588256835938
2.0862491130828857 67.15921783447266
2.094676971435547 67.1325454711914
2.1030871868133545 67.10586547851562
2.1114795207977295 67.07919311523438
2.119853973388672 67.05252075195312
2.12821102142334 67.02584075927734
2.136550188064575 66.99916076660156
2.144871950149536 66.97248077392578
2.1531763076782227 66.94579315185547
2.1614630222320557 66.91911315917969
2.1697323322296143 66.89242553710938
2.1779844760894775 66.86573791503906
2.1862192153930664 66.83905029296875
2.19443678855896 66.8123550415039
2.202636957168579 66.7856674194336
2.210820198059082 66.75897216796875
2.2189862728118896 66.7322769165039
2.227135419845581 66.70558166503906
2.2352676391601562 66.67887878417969
2.243382692337036 66.65218353271484
2.251481056213379 66.62548065185547
2.2595627307891846 66.5987777709961
2.267627477645874 66.57207489013672
2.2756755352020264 66.54537200927734
2.2837069034576416 66.51866149902344
2.2917215824127197 66.49195861816406
2.29971981048584 66.46524810791016
2.307701587677002 66.43853759765625
2.315666913986206 66.41181945800781
2.323615789413452 66.3851089477539
2.3315484523773193 66.35839080810547
2.3394646644592285 66.33168029785156
2.347364664077759 66.30496215820312
2.35524845123291 66.27824401855469
2.3631160259246826 66.25151824951172
2.3709676265716553 66.22480010986328
2.378803014755249 66.19807434082031
2.386622428894043 66.17134857177734
2.394426107406616 66.14462280273438
2.4022135734558105 66.1178970336914
2.409985303878784 66.09117126464844
2.417741298675537 66.06443786621094
2.4254815578460693 66.03771209716797
2.433206081390381 66.01097869873047
2.4409148693084717 65.98424530029297
2.448607921600342 65.95751190185547
2.4562854766845703 65.93077087402344
2.4639477729797363 65.90403747558594
2.4715943336486816 65.8772964477539
2.4792253971099854 65.85055541992188
2.4868412017822266 65.82381439208984
2.4944417476654053 65.79707336425781
2.5020267963409424 65.77033233642578
2.509596824645996 65.74358367919922
2.517151355743408 65.71684265136719
2.524690866470337 65.69009399414062
2.5322153568267822 65.66334533691406
2.539724826812744 65.6365966796875
2.5472190380096436 65.60984802246094
2.5546984672546387 65.58309173583984
2.5621628761291504 65.55634307861328
2.569612503051758 65.52958679199219
2.577047109603882 65.5028305053711
2.5844671726226807 65.47607421875
2.591872215270996 65.4493179321289
2.5992627143859863 65.42256164550781
2.6066384315490723 65.39580535888672
2.613999605178833 65.3690414428711
2.6213462352752686 65.34228515625
2.628678321838379 65.31552124023438
2.635995864868164 65.28875732421875
2.643298864364624 65.26199340820312
2.650587558746338 65.23522186279297
2.6578619480133057 65.20845794677734
2.6651220321655273 65.18168640136719
2.672367572784424 65.15492248535156
2.6795990467071533 65.1281509399414
2.686816453933716 65.10137939453125
2.6940195560455322 65.0746078491211
2.7012085914611816 65.04783630371094
2.708383560180664 65.02106475830078
2.7155444622039795 64.9942855834961
2.722691297531128 64.96751403808594
2.7298243045806885 64.94073486328125
2.736943244934082 64.91395568847656
2.7440483570098877 64.88717651367188
2.7511398792266846 64.86039733886719
2.7582173347473145 64.8336181640625
2.7652812004089355 64.80683898925781
2.7723312377929688 64.7800521850586
2.779367685317993 64.7532730102539
2.786390542984009 64.72648620605469
2.7933995723724365 64.69969940185547
2.8003952503204346 64.67291259765625
2.807377576828003 64.64612579345703
2.8143460750579834 64.61933898925781
2.8213014602661133 64.5925521850586
2.8282432556152344 64.56575775146484
2.835171699523926 64.53897094726562
2.8420867919921875 64.51217651367188
2.8489887714385986 64.48538970947266
2.85587739944458 64.4585952758789
2.862752676010132 64.43180084228516
2.869615077972412 64.4050064086914
2.8764641284942627 64.37821197509766
2.8833000659942627 64.3514175415039
2.890123128890991 64.32461547851562
2.896933078765869 64.29782104492188
2.9037301540374756 64.2710189819336
2.9105141162872314 64.24422454833984
2.917285203933716 64.21742248535156
2.9240434169769287 64.19062042236328
2.930788993835449 64.163818359375
2.9375216960906982 64.13701629638672
2.944241523742676 64.11021423339844
2.950948715209961 64.08341217041016
2.9576430320739746 64.05660247802734
2.964324951171875 64.02980041503906
2.970993995666504 64.00299072265625
2.9776506423950195 63.9761848449707
2.9842946529388428 63.949378967285156
2.9909262657165527 63.922569274902344
2.9975452423095703 63.89575958251953
3.0041518211364746 63.868953704833984
3.0107462406158447 63.842140197753906
3.0173280239105225 63.815330505371094
3.023897409439087 63.78852081298828
3.030454635620117 63.7617073059082
3.0369997024536133 63.734893798828125
3.043532371520996 63.70808029174805
3.0500528812408447 63.68126678466797
3.056561231613159 63.65445327758789
3.0630574226379395 63.62763595581055
3.0695414543151855 63.6008186340332
3.0760135650634766 63.574005126953125
3.0824735164642334 63.54718780517578
3.088921546936035 63.52037048339844
3.095357656478882 63.49354934692383
3.1017818450927734 63.466732025146484
3.10819411277771 63.439910888671875
3.1145944595336914 63.41309356689453
3.1209828853607178 63.38627243041992
3.127359628677368 63.35945129394531
3.1337246894836426 63.3326301574707
3.140077829360962 63.30580520629883
3.1464192867279053 63.27898406982422
3.1527493000030518 63.252159118652344
3.159067392349243 63.225337982177734
3.1653740406036377 63.19851303100586
3.1716692447662354 63.171688079833984
3.177952527999878 63.14486312866211
3.1842246055603027 63.118038177490234
3.1904850006103516 63.091209411621094
3.1967341899871826 63.06438446044922
3.2029716968536377 63.03755569458008
3.209197998046875 63.01072692871094
3.2154128551483154 62.98390197753906
3.221616506576538 62.95707321166992
3.227808713912964 62.93024444580078
3.233989953994751 62.903411865234375
3.240159749984741 62.876583099365234
3.2463183403015137 62.849754333496094
3.2524657249450684 62.82292175292969
3.2586019039154053 62.79609298706055
3.2647271156311035 62.76926040649414
3.270841121673584 62.742427825927734
3.276944160461426 62.71559524536133
3.283036231994629 62.68876266479492
3.2891173362731934 62.661930084228516
3.29518723487854 62.63509750366211
3.301246404647827 62.6082649230957
3.3072946071624756 62.58142852783203
3.3133320808410645 62.554595947265625
3.3193585872650146 62.52775955200195
3.3253743648529053 62.50092697143555
3.3313791751861572 62.474090576171875
3.3373732566833496 62.4472541809082
3.3433568477630615 62.42041778564453
3.3493294715881348 62.39358139038086
3.3552916049957275 62.36674499511719
3.3612430095672607 62.339908599853516
3.3671836853027344 62.313072204589844
3.3731138706207275 62.286231994628906
3.3790335655212402 62.259395599365234
3.3849427700042725 62.23255920410156
3.390841245651245 62.205718994140625
3.3967294692993164 62.17888259887695
3.4026072025299072 62.152042388916016
3.4084744453430176 62.12520217895508
3.4143314361572266 62.098365783691406
3.420177936553955 62.07152557373047
3.4260141849517822 62.04468536376953
3.431839942932129 62.017845153808594
3.4376556873321533 61.991004943847656
3.4434609413146973 61.96416473388672
3.449256181716919 61.93732452392578
3.45504093170166 61.910484313964844
3.460815668106079 61.883644104003906
3.466580390930176 61.8568000793457
3.472334861755371 61.829959869384766
3.478079319000244 61.80311965942383
3.483813524246216 61.77627944946289
3.4895379543304443 61.74943542480469
3.4952521324157715 61.72259521484375
3.5009562969207764 61.69575119018555
3.506650686264038 61.66891098022461
3.5123350620269775 61.642066955566406
3.518009662628174 61.61522674560547
3.523674249649048 61.588382720947266
3.5293288230895996 61.56154251098633
3.5349738597869873 61.534698486328125
3.5406088829040527 61.50785446166992
3.546234130859375 61.481014251708984
3.551849603652954 61.45417022705078
3.557455539703369 61.42732620239258
3.563051700592041 61.40048599243164
3.5686380863189697 61.37364196777344
3.5742149353027344 61.346797943115234
3.579782009124756 61.31995391845703
3.5853395462036133 61.29310989379883
3.5908875465393066 61.26626968383789
3.596425771713257 61.23942565917969
3.601954698562622 61.212581634521484
3.6074740886688232 61.18573760986328
3.6129839420318604 61.15889358520508
3.6184842586517334 61.13205337524414
3.6239752769470215 61.10520935058594
3.6294569969177246 61.078365325927734
3.6349291801452637 61.05152130126953
3.6403918266296387 61.024681091308594
3.645845413208008 60.99783706665039
3.651289463043213 60.97099304199219
3.656724452972412 60.944149017333984
3.6621499061584473 60.91730499267578
3.6675662994384766 60.890464782714844
3.672973394393921 60.86362075805664
3.6783714294433594 60.83677673339844
3.683760166168213 60.8099365234375
3.6891398429870605 60.7830924987793
3.6945102214813232 60.756248474121094
3.699871778488159 60.729408264160156
3.70522403717041 60.70256423950195
3.7105672359466553 60.675724029541016
3.7159013748168945 60.64888000488281
3.721226692199707 60.622039794921875
3.7265429496765137 60.59519577026367
3.7318501472473145 60.568355560302734
3.7371485233306885 60.54151153564453
3.7424378395080566 60.514671325683594
3.747718334197998 60.487831115722656
3.7529897689819336 60.46098709106445
3.7582526206970215 60.434146881103516
3.7635066509246826 60.40730667114258
3.768751621246338 60.38046646118164
3.7739880084991455 60.3536262512207
3.7792155742645264 60.326786041259766
3.7844343185424805 60.29994583129883
3.789644479751587 60.27310562133789
3.7948458194732666 60.24626541137695
3.8000385761260986 60.219425201416016
3.805222511291504 60.19258499145508
3.8103978633880615 60.16574478149414
3.8155648708343506 60.13890838623047
3.820723056793213 60.11206817626953
3.8258726596832275 60.08523178100586
3.8310136795043945 60.05839157104492
3.836146354675293 60.03155517578125
3.8412702083587646 60.00471496582031
3.846385955810547 59.97787857055664
3.8514928817749023 59.95104217529297
3.8565917015075684 59.9242057800293
3.8616819381713867 59.897369384765625
3.8667635917663574 59.87053298950195
3.8718371391296387 59.84369659423828
3.8769021034240723 59.81686019897461
3.8819589614868164 59.79002380371094
3.887007236480713 59.763187408447266
3.89204740524292 59.73635482788086
3.8970792293548584 59.70951843261719
3.9021029472351074 59.68268585205078
3.907118320465088 59.655853271484375
3.9121253490448 59.6290168762207
3.9171242713928223 59.6021842956543
3.9221150875091553 59.57535171508789
3.9270975589752197 59.548519134521484
3.932072162628174 59.52168655395508
3.9370384216308594 59.49485778808594
3.9419965744018555 59.46802520751953
3.946946859359741 59.441192626953125
3.9518887996673584 59.414363861083984
3.9568228721618652 59.38753128051758
3.9617488384246826 59.36070251464844
3.9666669368743896 59.3338737487793
3.9715769290924072 59.307044982910156
3.9764790534973145 59.280216217041016
3.9813733100891113 59.253387451171875
3.9862594604492188 59.2265625
3.991137742996216 59.19973373413086
3.9960081577301025 59.17290496826172
4.000870704650879 59.146080017089844
4.005725383758545 59.11925506591797
4.01057243347168 59.092430114746094
4.015411376953125 59.06560516357422
4.020242691040039 59.038780212402344
4.025066375732422 59.01195526123047
4.029881954193115 58.985130310058594
4.034689903259277 58.958309173583984
4.039490222930908 58.931488037109375
4.044282913208008 58.9046630859375
4.049067974090576 58.87784194946289
4.053844928741455 58.85102081298828
4.058614730834961 58.82419967651367
4.0633769035339355 58.79738235473633
4.068130970001221 58.77056121826172
4.072877883911133 58.743743896484375
4.077617168426514 58.716922760009766
4.082348823547363 58.69010543823242
4.08707332611084 58.66328811645508
4.091789722442627 58.636470794677734
4.096498966217041 58.609657287597656
4.101200580596924 58.58283996582031
4.105894565582275 58.556026458740234
4.110581398010254 58.52920913696289
4.115260601043701 58.50239562988281
4.119932651519775 58.475582122802734
4.124597072601318 58.44877243041992
4.129254341125488 58.421958923339844
4.133903980255127 58.395145416259766
4.138546466827393 58.36833572387695
4.143181800842285 58.34152603149414
4.1478095054626465 58.31471633911133
4.152430057525635 58.287906646728516
4.15704345703125 58.26110076904297
4.161649227142334 58.234291076660156
4.166248321533203 58.20748519897461
4.170839786529541 58.18067932128906
4.175424098968506 58.153873443603516
4.180001258850098 58.12706756591797
4.184571266174316 58.10026168823242
4.189134120941162 58.07345962524414
4.193689823150635 58.046653747558594
4.198238372802734 58.01985168457031
4.202779769897461 57.99304962158203
4.207314491271973 57.966251373291016
4.211841583251953 57.939449310302734
4.216361999511719 57.91265106201172
4.220875263214111 57.8858528137207
4.225381374359131 57.85905456542969
4.2298808097839355 57.83225631713867
4.234373092651367 57.805458068847656
4.238858222961426 57.778663635253906
4.2433366775512695 57.751869201660156
4.24780797958374 57.725074768066406
4.252272605895996 57.698280334472656
4.256730079650879 57.671485900878906
4.261180400848389 57.64469528198242
4.265624523162842 57.61790466308594
4.270061492919922 57.59111404418945
4.274491310119629 57.56432342529297
4.278914451599121 57.537532806396484
4.283330917358398 57.510746002197266
4.287740707397461 57.48395919799805
4.292143821716309 57.45717239379883
4.296539783477783 57.43038558959961
4.300929069519043 57.40359878540039
4.305311679840088 57.37681579589844
4.309687614440918 57.350032806396484
4.314056873321533 57.32324981689453
4.318419456481934 57.29646682739258
4.322775363922119 57.26968765258789
4.327124118804932 57.24290466308594
4.3314666748046875 57.21612548828125
4.335803031921387 57.18935012817383
4.340132236480713 57.16257095336914
4.344454765319824 57.13579559326172
4.348771095275879 57.1090202331543
4.353080749511719 57.082244873046875
4.357383728027344 57.05546951293945
4.361680030822754 57.0286979675293
4.365970134735107 57.001922607421875
4.370253562927246 56.97515106201172
4.37453031539917 56.94838333129883
4.378800868988037 56.92161178588867
4.3830647468566895 56.89484405517578
4.387322425842285 56.86807632446289
4.391573429107666 56.84130859375
4.39581823348999 56.814544677734375
4.4000563621521 56.78778076171875
4.404288291931152 56.761016845703125
4.408514022827148 56.7342529296875
4.41273307800293 56.707489013671875
4.416945934295654 56.680728912353516
4.421152591705322 56.653968811035156
4.425352573394775 56.6272087097168
4.42954683303833 56.6004524230957
4.43373441696167 56.573692321777344
4.437915325164795 56.54693603515625
4.4420905113220215 56.52018356323242
4.446259498596191 56.49342727661133
4.4504218101501465 56.4666748046875
4.454578399658203 56.43992233276367
4.458728313446045 56.413169860839844
4.462872505187988 56.38642120361328
4.467010021209717 56.35967254638672
4.471141815185547 56.332923889160156
4.47526741027832 56.306175231933594
4.479386806488037 56.2794303894043
4.483500003814697 56.252685546875
4.487607002258301 56.2259407043457
4.491707801818848 56.19919967651367
4.495802879333496 56.17245864868164
4.499891757965088 56.14571762084961
4.503974437713623 56.11897659301758
4.50805139541626 56.09223556518555
4.512121677398682 56.06549835205078
4.516186714172363 56.03876495361328
4.52024507522583 56.012027740478516
4.524298191070557 55.985294342041016
4.528344631195068 55.958560943603516
4.532385349273682 55.931827545166016
4.5364203453063965 55.90509796142578
4.540449142456055 55.87836837768555
4.5444722175598145 55.85163879394531
4.548489093780518 55.82490921020508
4.552500247955322 55.79818344116211
4.5565056800842285 55.77145767211914
4.560504913330078 55.74473571777344
4.564498424530029 55.71800994873047
4.568486213684082 55.691287994384766
4.572468280792236 55.66456985473633
4.576444149017334 55.637847900390625
4.580414295196533 55.61112976074219
4.584378719329834 55.58441162109375
4.588337421417236 55.55769729614258
4.59229040145874 55.530982971191406
4.596237659454346 55.504268646240234
4.6001787185668945 55.47755432128906
4.604114532470703 55.450843811035156
4.608044624328613 55.42413330078125
4.611968517303467 55.39742660522461
4.61588716506958 55.3707160949707
4.619800090789795 55.34400939941406
4.623707294464111 55.31730651855469
4.627608776092529 55.29059982299805
4.631504535675049 55.26390075683594
4.635395050048828 55.23719787597656
4.639279365539551 55.21049880981445
4.643158435821533 55.18379592895508
4.647031784057617 55.157100677490234
4.650899887084961 55.130401611328125
4.654761791229248 55.10370635986328
4.658618927001953 55.0770149230957
4.662469863891602 55.05031967163086
4.66631555557251 55.02362823486328
4.6701555252075195 54.99694061279297
4.673990249633789 54.97024917602539
4.67781925201416 54.94356155395508
4.681643009185791 54.91687774658203
4.685461044311523 54.89019012451172
4.689273357391357 54.86350631713867
4.693080902099609 54.83682632446289
4.696882247924805 54.810142517089844
4.700678825378418 54.78346252441406
4.704469680786133 54.75678634643555
4.708255290985107 54.73011016845703
4.712035179138184 54.703433990478516
4.7158098220825195 54.6767578125
4.719579219818115 54.65008544921875
4.723343372344971 54.6234130859375
4.727101802825928 54.596744537353516
4.7308549880981445 54.57007598876953
4.734602928161621 54.54340744018555
4.738345623016357 54.51673889160156
4.7420830726623535 54.490074157714844
4.745815277099609 54.46341323852539
4.749541759490967 54.43674850463867
4.753263473510742 54.41008758544922
4.756979465484619 54.38343048095703
4.760690689086914 54.356773376464844
4.7643961906433105 54.330116271972656
4.768096923828125 54.30345916748047
4.771791934967041 54.27680587768555
4.775482177734375 54.250152587890625
4.779167175292969 54.22350311279297
4.782846927642822 54.19685363769531
4.7865214347839355 54.170204162597656
4.790190696716309 54.143558502197266
4.793854713439941 54.116912841796875
4.797513961791992 54.09027099609375
4.801167964935303 54.063629150390625
4.804816722869873 54.0369873046875
4.808460235595703 54.01034927368164
4.812098979949951 53.98371124267578
4.815732479095459 53.95707321166992
4.819361209869385 53.93043899536133
4.82298469543457 53.903804779052734
4.826602935791016 53.877174377441406
4.830215930938721 53.85054397583008
4.833824634552002 53.82391357421875
4.837427616119385 53.79728698730469
4.8410258293151855 53.770660400390625
4.844619274139404 53.74403762817383
4.848207473754883 53.71741485595703
4.851790904998779 53.690792083740234
4.8553690910339355 53.6641731262207
